26.739483914241877
26.720778431774775
26.70205984563738
26.68332812825267
26.664583251946766
26.645825188948457
26.627053911388696
26.60826939130014
26.589471600616662
26.570660511172846
26.551836094703507
26.5329983228432
26.514147167125703
26.49528259898354
26.476404589747453
26.457513110645905
26.43860813280457
26.419689627245813
26.40075756488817
26.38181191654584
26.362852652928137
26.343879744638983
26.324893162176366
26.30589287593181
26.28687885618983
26.267851073127396
26.248809496813376
26.229754097208
26.210684844162312
26.19160170741759
26.1725046566048
26.153393661244042
26.13426869074396
26.115129714401192
26.095976701399778
26.019223662515376
25.942243542145693
25.865034312755125
25.787593916455254
25.709920264364882
25.632011235952593
25.553864678361276
25.475478405713993
25.39685019840059
25.317977802344327
25.238858928247925
25.15949125081825
25.079872407968907
25.0
24.819347291981714
24.49489742783178
24.166091947189145
23.130067012440755
21.702534414210707
19.748417658131498
17.029386365926403
13.0
0