20.663978319771825
18.083141320025124
15.684387141358123
13.490737563232042
11.532562594670797
10.816653826391969
10.04987562112089
9.591663046625438
9.38083151964686
9.16515138991168
8.94427190999916
8.717797887081348
8.48528137423857
8.246211251235321
8.0
7.745966692414834
7.483314773547883
7.211102550927978
6.928203230275509
6.6332495807108
6.324555320336759
6.0
5.916079783099616
5.830951894845301
5.744562646538029
5.656854249492381
5.5677643628300215
5.477225575051661
5.385164807134504
5.291502622129181
5.196152422706632
5.0990195135927845
5.0
4.898979485566356
4.795831523312719
4.69041575982343
4.58257569495584
4.47213595499958
4.358898943540674
4.242640687119285
4.123105625617661
4.0
3.872983346207417
3.7416573867739413
3.605551275463989
3.4641016151377544
3.3166247903554
3.1622776601683795
3.0
2.8284271247461903
2.6457513110645907
2.449489742783178
2.23606797749979
2.0
1.7320508075688772
1.4142135623730951
1.0
0