26.77685567799177
26.70205984563738
26.70205984563738
26.758176320519304
26.758176320519304
26.758176320519304
26.758176320519304
26.758176320519304
26.758176320519304
26.758176320519304
26.70205984563738
26.758176320519304
26.758176320519304
25.219040425836983
26.758176320519304
26.758176320519304
26.758176320519304
26.758176320519304
26.758176320519304
26.758176320519304
26.70205984563738
26.758176320519304
24.839484696748443
26.758176320519304
26.758176320519304
26.476404589747453
25.84569596664017
24.413111231467404
26.70205984563738
23.40939982143925
26.758176320519304
26.70205984563738
26.758176320519304
26.70205984563738
26.70205984563738
26.758176320519304
26.758176320519304
26.758176320519304
26.70205984563738
26.758176320519304
26.758176320519304
26.60826939130014
26.758176320519304
26.70205984563738
26.758176320519304
26.758176320519304
25.553864678361276
26.70205984563738
26.758176320519304
26.758176320519304
26.758176320519304
26.758176320519304
26.758176320519304
26.758176320519304
26.70205984563738
26.476404589747453
26.758176320519304
26.70205984563738
26.70205984563738
26.758176320519304