37.296112397943034
37.282703764614496
37.242448899072144
37.282703764614496
37.282703764614496
37.282703764614496
37.282703764614496
37.282703764614496
37.242448899072144
37.282703764614496
37.282703764614496
36.959437225152655
37.282703764614496
37.282703764614496
37.282703764614496
37.282703764614496
37.242448899072144
37.282703764614496
37.282703764614496
37.282703764614496
37.242448899072144
37.282703764614496
15.329709716755891
37.282703764614496
37.282703764614496
36.810324638611924
37.17526059088221
37.242448899072144
37.242448899072144
36.959437225152655
37.282703764614496
37.282703764614496
37.242448899072144
37.282703764614496
37.282703764614496
37.242448899072144
37.242448899072144
37.282703764614496
37.282703764614496
37.282703764614496
37.242448899072144
37.080992435478315
37.282703764614496
37.282703764614496
37.282703764614496
37.282703764614496
37.282703764614496
37.242448899072144
37.282703764614496
37.282703764614496
37.282703764614496
37.282703764614496
37.282703764614496
37.282703764614496
36.959437225152655
37.17526059088221
37.282703764614496
37.282703764614496
37.242448899072144
37.242448899072144