61.0|123.0
1272.0|318.0|954.0|636.0
848.0
-933.0
298.0
-729.0
-1919.0|-960.0
387.0|258.0|387.0|129.0
63.0|31.0
-1709.0|-855.0
-4346.0|-2173.0|-2716.0|-544.0|-5976.0|-5432.0|-4889.0|-3260.0|-3803.0|-1630.0|-1087.0
-522.0|-348.0|-174.0
5343.0|3116.0|6679.0|4007.0|2226.0|5788.0|7124.0|4452.0|3562.0|890.0|445.0|4897.0|6233.0|1335.0|2671.0|1781.0
2866.0|1433.0
-2716.0|-3621.0|-906.0|-1811.0
6351.0|3175.0
3318.0|2212.0|1106.0
945.0|472.0
36.0|18.0
-5988.0|-1996.0|-3992.0
1823.0|3646.0
-36236.0|-139765.0|-24157.0|-139765.0|-139765.0|-89726.0|-8628.0|-46589.0|-101804.0|-81098.0|-27608.0|-139765.0|-5177.0|-34510.0|-139765.0|-55216.0|-12079.0|-115608.0|-32785.0|-139765.0|-74196.0|-139765.0|-93177.0|-136314.0|-138040.0|-70746.0|-139765.0|-132863.0|-51765.0|-139765.0|-6902.0|-139765.0|-91451.0|-18981.0|-22432.0|-96628.0|-139765.0|-13804.0|-77647.0|-100079.0|-120785.0|-98353.0|-139765.0|-86275.0|-20706.0|-122510.0|-58667.0|-53491.0|-43138.0|-44863.0|-131138.0|-127687.0|-48314.0|-62118.0|-10353.0|-31059.0|-110432.0|-41412.0|-125961.0|-117334.0|-29334.0|-108706.0|-3451.0|-56942.0|-134589.0|-84549.0|-113883.0|-105255.0|-63844.0|-139765.0|-1726.0|-119059.0|-139765.0|-69020.0|-39687.0|-72471.0|-139765.0|-67295.0|-50040.0|-17255.0|-75922.0|-139765.0|-60393.0|-15530.0|-139765.0|-112157.0|-139765.0|-65569.0|-139765.0|-79373.0|-129412.0|-124236.0|-88000.0|-103530.0|-94902.0|-139765.0|-106981.0|-25883.0|-37961.0|-82824.0
2486.0|4972.0
-1659.0|-830.0
-12695.0|-19042.0|-10579.0|-4232.0|-16926.0|-8463.0|-2116.0|-14811.0|-6348.0
26179.0|28797.0|2617.0|10471.0|31415.0|7853.0|18325.0|5235.0|20943.0|13089.0|15707.0|23561.0
14758.0|4025.0|9391.0|1341.0|13417.0|6708.0|8050.0|5366.0|2683.0|12075.0|10733.0|16100.0
4117.0|3088.0|1029.0|2058.0
-17740.0|-15321.0|-33060.0|-8870.0|-2419.0|-31447.0|-26609.0|-9676.0|-29028.0|-36285.0|-13708.0|-22578.0|-8064.0|-7257.0|-35479.0|-807.0|-20159.0|-3226.0|-4838.0|-10483.0|-5645.0|-12095.0|-28222.0|-23384.0|-12902.0|-21771.0|-24190.0|-33866.0|-25803.0|-30641.0|-16127.0|-4032.0|-34672.0|-14514.0|-32253.0|-18546.0|-19352.0|-24997.0|-16933.0|-6451.0|-29834.0|-1613.0|-27415.0|-11289.0|-20965.0
1844.0
-1411.0|-1693.0|-565.0|-1975.0|-1129.0|-847.0|-283.0
7337.0|2445.0|4891.0
-10218.0|-6812.0|-3406.0
553.0|830.0|276.0
3775.0|1258.0|2517.0
1721.0|860.0
-2160.0|-1080.0
264.0|1322.0|528.0|793.0|1057.0
244.0|122.0
1734.0|867.0
26186.0|31577.0|39279.0|15403.0|3850.0|39279.0|23875.0|20024.0|39279.0|39279.0|770.0|36198.0|3080.0|21565.0|28496.0|36968.0|39279.0|24645.0|39279.0|39279.0|9242.0|4621.0|20795.0|37739.0|33888.0|34658.0|27726.0|26956.0|13863.0|32347.0|6931.0|33118.0|8472.0|6161.0|39279.0|5391.0|38509.0|25416.0|7701.0|14633.0|17714.0|12322.0|39279.0|22335.0|10012.0|19254.0|18484.0|23105.0|30807.0|10782.0|1540.0|11552.0|29267.0|16944.0|35428.0|39279.0|2310.0|39279.0|13093.0|16173.0|30037.0
-794.0
3250.0|1083.0|3250.0|2166.0
-1504.0|-752.0
-2679.0|-5357.0
-3651.0|-812.0|-2840.0|-406.0|-1217.0|-4056.0|-2434.0|-1623.0|-3245.0|-2028.0
730.0|1461.0
-3397.0|-1133.0|-2265.0
-1529.0|-6115.0|-3058.0|-4586.0
1402.0
-522.0
-1664.0|-832.0
479.0
-1552.0|-2328.0|-776.0|-388.0|-1940.0|-1164.0
15091.0|6467.0|14013.0|8623.0|5389.0|11857.0|16168.0|17246.0|4311.0|10779.0|1077.0|9701.0|12935.0|3233.0|7545.0|2155.0
-775.0
-7542.0|-5656.0|-1886.0|-3771.0
-451.0|-901.0
-588.0|-1175.0
